Time_delta: 1738.6797273679995
Power_voltage_mV_delta: 0.2857142857142857
Power_current_mA_delta: 213.42857142857142
Power_avg_power_mW_delta: 1771.4315476190477
Memory_used_KB_delta: 47831.0
Memory_total_KB_delta: 0.0
Memory_free_KB_delta: 21384.0
Memory_cached_KB_delta: 0.0
Memory_shared_KB_delta: 0.0
GPU_load_delta: 0.1333333333333336
GPU_curr_freq_delta: 112700.89285714286
CPU1_current_freq_delta: 0.0
CPU2_current_freq_delta: 0.0
CPU3_current_freq_delta: 0.0
CPU4_current_freq_delta: 0.0
CPU5_current_freq_delta: 0.0
CPU6_current_freq_delta: 0.0
