Time_delta: 342.42634547000125
Power_voltage_mV_delta: 2.1818181818181817
Power_current_mA_delta: 79.27272727272727
Power_avg_power_mW_delta: 1765.9545454545455
Memory_used_KB_delta: 0.0
Memory_total_KB_delta: 0.0
Memory_free_KB_delta: 36557.454545454544
Memory_cached_KB_delta: 369.45454545454544
Memory_shared_KB_delta: 0.0
GPU_load_delta: 6.0030303030303
GPU_curr_freq_delta: 11590.90909090909
CPU1_current_freq_delta: 0.0
CPU2_current_freq_delta: 0.0
CPU3_current_freq_delta: 0.0
CPU4_current_freq_delta: 0.0
CPU5_current_freq_delta: 0.0
CPU6_current_freq_delta: 0.0
