Time_delta: 342.456046968
Power_voltage_mV_delta: 1.4545454545454546
Power_current_mA_delta: 64.0
Power_avg_power_mW_delta: 1629.2727272727273
Memory_used_KB_delta: 558.5454545454545
Memory_total_KB_delta: 0.0
Memory_free_KB_delta: 13829.454545454546
Memory_cached_KB_delta: 0.0
Memory_shared_KB_delta: 0.0
GPU_load_delta: 1.815151515151514
GPU_curr_freq_delta: 11590.90909090909
CPU1_current_freq_delta: 432872.7272727273
CPU2_current_freq_delta: 503854.54545454547
CPU3_current_freq_delta: 496872.7272727273
CPU4_current_freq_delta: 496872.7272727273
CPU5_current_freq_delta: 0.0
CPU6_current_freq_delta: 0.0
