Time_delta: 466.48983096899974
Power_voltage_mV_delta: 1.0666666666666667
Power_current_mA_delta: 60.266666666666666
Power_avg_power_mW_delta: 1156.6666666666667
Memory_used_KB_delta: 7909.866666666667
Memory_total_KB_delta: 0.0
Memory_free_KB_delta: 10014.666666666666
Memory_cached_KB_delta: 0.0
Memory_shared_KB_delta: 0.0
GPU_load_delta: 0.0
GPU_curr_freq_delta: 0.0
CPU1_current_freq_delta: 0.0
CPU2_current_freq_delta: 0.0
CPU3_current_freq_delta: 0.0
CPU4_current_freq_delta: 0.0
CPU5_current_freq_delta: 0.0
CPU6_current_freq_delta: 0.0
