Time_delta: 342.17820708399995
Power_voltage_mV_delta: 1.4545454545454546
Power_current_mA_delta: 82.9090909090909
Power_avg_power_mW_delta: 1759.3030303030303
Memory_used_KB_delta: 4854.545454545455
Memory_total_KB_delta: 0.0
Memory_free_KB_delta: 11342.90909090909
Memory_cached_KB_delta: 21.09090909090909
Memory_shared_KB_delta: 0.0
GPU_load_delta: 0.0
GPU_curr_freq_delta: 11590.90909090909
CPU1_current_freq_delta: 0.0
CPU2_current_freq_delta: 0.0
CPU3_current_freq_delta: 0.0
CPU4_current_freq_delta: 0.0
CPU5_current_freq_delta: 0.0
CPU6_current_freq_delta: 0.0
