Time_delta: 342.3577088030015
Power_voltage_mV_delta: 2.1818181818181817
Power_current_mA_delta: 33.45454545454545
Power_avg_power_mW_delta: 1456.2878787878785
Memory_used_KB_delta: 0.0
Memory_total_KB_delta: 0.0
Memory_free_KB_delta: 16666.545454545456
Memory_cached_KB_delta: 0.0
Memory_shared_KB_delta: 0.0
GPU_load_delta: 8.868181818181819
GPU_curr_freq_delta: 0.0
CPU1_current_freq_delta: 0.0
CPU2_current_freq_delta: 0.0
CPU3_current_freq_delta: 0.0
CPU4_current_freq_delta: 0.0
CPU5_current_freq_delta: 354909.0909090909
CPU6_current_freq_delta: 283927.2727272727
