Time_delta: 404.5317298629998
Power_voltage_mV_delta: 1.2307692307692308
Power_current_mA_delta: 149.53846153846155
Power_avg_power_mW_delta: 1713.3717948717951
Memory_used_KB_delta: 0.0
Memory_total_KB_delta: 0.0
Memory_free_KB_delta: 26305.53846153846
Memory_cached_KB_delta: 0.0
Memory_shared_KB_delta: 0.0
GPU_load_delta: 28.458974358974363
GPU_curr_freq_delta: 105923.07692307692
CPU1_current_freq_delta: 0.0
CPU2_current_freq_delta: 0.0
CPU3_current_freq_delta: 0.0
CPU4_current_freq_delta: 0.0
CPU5_current_freq_delta: 337723.07692307694
CPU6_current_freq_delta: 331815.3846153846
