Time_delta: 559.9398711840004
Power_voltage_mV_delta: 2.6666666666666665
Power_current_mA_delta: 31.11111111111111
Power_avg_power_mW_delta: 973.8333333333334
Memory_used_KB_delta: 788.8888888888889
Memory_total_KB_delta: 0.0
Memory_free_KB_delta: 25075.777777777777
Memory_cached_KB_delta: 4365.555555555556
Memory_shared_KB_delta: 0.0
GPU_load_delta: 0.10925925925925936
GPU_curr_freq_delta: 12041.666666666666
CPU1_current_freq_delta: 0.0
CPU2_current_freq_delta: 0.0
CPU3_current_freq_delta: 0.0
CPU4_current_freq_delta: 0.0
CPU5_current_freq_delta: 64711.11111111111
CPU6_current_freq_delta: 64000.0
