Time_delta: 404.1958455889999
Power_voltage_mV_delta: 1.2307692307692308
Power_current_mA_delta: 128.6153846153846
Power_avg_power_mW_delta: 1754.102564102564
Memory_used_KB_delta: 0.0
Memory_total_KB_delta: 0.0
Memory_free_KB_delta: 25139.076923076922
Memory_cached_KB_delta: 0.0
Memory_shared_KB_delta: 0.0
GPU_load_delta: 39.6474358974359
GPU_curr_freq_delta: 105923.07692307692
CPU1_current_freq_delta: 0.0
CPU2_current_freq_delta: 0.0
CPU3_current_freq_delta: 0.0
CPU4_current_freq_delta: 0.0
CPU5_current_freq_delta: 0.0
CPU6_current_freq_delta: 0.0
