Time_delta: 373.2130080040006
Power_voltage_mV_delta: 1.3333333333333333
Power_current_mA_delta: 97.33333333333333
Power_avg_power_mW_delta: 1577.8472222222224
Memory_used_KB_delta: 0.0
Memory_total_KB_delta: 0.0
Memory_free_KB_delta: 29107.666666666668
Memory_cached_KB_delta: 0.0
Memory_shared_KB_delta: 0.0
GPU_load_delta: 4.456944444444445
GPU_curr_freq_delta: 198687.5
CPU1_current_freq_delta: 0.0
CPU2_current_freq_delta: 0.0
CPU3_current_freq_delta: 9716.666666666666
CPU4_current_freq_delta: 0.0
CPU5_current_freq_delta: 0.0
CPU6_current_freq_delta: 0.0
