Time_delta: 342.3667181579999
Power_voltage_mV_delta: 2.909090909090909
Power_current_mA_delta: 60.36363636363637
Power_avg_power_mW_delta: 1797.9545454545455
Memory_used_KB_delta: 0.0
Memory_total_KB_delta: 0.0
Memory_free_KB_delta: 6025.818181818182
Memory_cached_KB_delta: 5251.636363636364
Memory_shared_KB_delta: 0.0
GPU_load_delta: 46.23636363636364
GPU_curr_freq_delta: 11590.90909090909
CPU1_current_freq_delta: 399127.2727272727
CPU2_current_freq_delta: 399127.2727272727
CPU3_current_freq_delta: 456145.45454545453
CPU4_current_freq_delta: 513163.63636363635
CPU5_current_freq_delta: 0.0
CPU6_current_freq_delta: 0.0
