Time_delta: 404.6213172719981
Power_voltage_mV_delta: 1.2307692307692308
Power_current_mA_delta: 110.15384615384616
Power_avg_power_mW_delta: 1664.102564102564
Memory_used_KB_delta: 608.9230769230769
Memory_total_KB_delta: 0.0
Memory_free_KB_delta: 60834.46153846154
Memory_cached_KB_delta: 0.0
Memory_shared_KB_delta: 0.0
GPU_load_delta: 3.769230769230769
GPU_curr_freq_delta: 105923.07692307692
CPU1_current_freq_delta: 0.0
CPU2_current_freq_delta: 0.0
CPU3_current_freq_delta: 0.0
CPU4_current_freq_delta: 0.0
CPU5_current_freq_delta: 387938.46153846156
CPU6_current_freq_delta: 387938.46153846156
