Time_delta: 342.34370076599953
Power_voltage_mV_delta: 2.1818181818181817
Power_current_mA_delta: 80.0
Power_avg_power_mW_delta: 1708.333333333333
Memory_used_KB_delta: 74.18181818181819
Memory_total_KB_delta: 0.0
Memory_free_KB_delta: 10221.09090909091
Memory_cached_KB_delta: 0.0
Memory_shared_KB_delta: 0.0
GPU_load_delta: 19.37272727272727
GPU_curr_freq_delta: 0.0
CPU1_current_freq_delta: 0.0
CPU2_current_freq_delta: 0.0
CPU3_current_freq_delta: 0.0
CPU4_current_freq_delta: 0.0
CPU5_current_freq_delta: 256000.0
CPU6_current_freq_delta: 256000.0
