Time_delta: 342.39728527199986
Power_voltage_mV_delta: 2.1818181818181817
Power_current_mA_delta: 69.0909090909091
Power_avg_power_mW_delta: 1704.212121212121
Memory_used_KB_delta: 0.0
Memory_total_KB_delta: 0.0
Memory_free_KB_delta: 20285.090909090908
Memory_cached_KB_delta: 4186.181818181818
Memory_shared_KB_delta: 0.0
GPU_load_delta: 2.3030303030303028
GPU_curr_freq_delta: 0.0
CPU1_current_freq_delta: 567854.5454545454
CPU2_current_freq_delta: 581236.3636363636
CPU3_current_freq_delta: 537818.1818181818
CPU4_current_freq_delta: 496872.7272727273
CPU5_current_freq_delta: 0.0
CPU6_current_freq_delta: 0.0
