Time_delta: 435.5009171189995
Power_voltage_mV_delta: 0.5714285714285714
Power_current_mA_delta: 173.14285714285714
Power_avg_power_mW_delta: 1545.3214285714287
Memory_used_KB_delta: 0.0
Memory_total_KB_delta: 0.0
Memory_free_KB_delta: 29547.14285714286
Memory_cached_KB_delta: 0.0
Memory_shared_KB_delta: 0.0
GPU_load_delta: 16.35833333333333
GPU_curr_freq_delta: 11839.285714285714
CPU1_current_freq_delta: 0.0
CPU2_current_freq_delta: 0.0
CPU3_current_freq_delta: 0.0
CPU4_current_freq_delta: 0.0
CPU5_current_freq_delta: 138971.42857142858
CPU6_current_freq_delta: 138971.42857142858
