Time_delta: 373.3184577510001
Power_voltage_mV_delta: 3.3333333333333335
Power_current_mA_delta: 0.6666666666666666
Power_avg_power_mW_delta: 1281.2083333333333
Memory_used_KB_delta: 0.0
Memory_total_KB_delta: 0.0
Memory_free_KB_delta: 44190.333333333336
Memory_cached_KB_delta: 0.0
Memory_shared_KB_delta: 0.0
GPU_load_delta: 17.516666666666662
GPU_curr_freq_delta: 11687.5
CPU1_current_freq_delta: 0.0
CPU2_current_freq_delta: 0.0
CPU3_current_freq_delta: 0.0
CPU4_current_freq_delta: 0.0
CPU5_current_freq_delta: 0.0
CPU6_current_freq_delta: 0.0
