Time_delta: 404.11657447700054
Power_voltage_mV_delta: 0.6153846153846154
Power_current_mA_delta: 153.23076923076923
Power_avg_power_mW_delta: 1844.4487179487178
Memory_used_KB_delta: 53.23076923076923
Memory_total_KB_delta: 0.0
Memory_free_KB_delta: 15042.153846153846
Memory_cached_KB_delta: 0.0
Memory_shared_KB_delta: 0.0
GPU_load_delta: 63.14999999999999
GPU_curr_freq_delta: 12750.0
CPU1_current_freq_delta: 166400.0
CPU2_current_freq_delta: 153600.0
CPU3_current_freq_delta: 11815.384615384615
CPU4_current_freq_delta: 11815.384615384615
CPU5_current_freq_delta: 384000.0
CPU6_current_freq_delta: 384000.0
