Time_delta: 435.53656739800135
Power_voltage_mV_delta: 2.2857142857142856
Power_current_mA_delta: 40.0
Power_avg_power_mW_delta: 985.6428571428571
Memory_used_KB_delta: 0.0
Memory_total_KB_delta: 0.0
Memory_free_KB_delta: 22349.14285714286
Memory_cached_KB_delta: 0.0
Memory_shared_KB_delta: 0.0
GPU_load_delta: 0.0
GPU_curr_freq_delta: 11839.285714285714
CPU1_current_freq_delta: 0.0
CPU2_current_freq_delta: 0.0
CPU3_current_freq_delta: 0.0
CPU4_current_freq_delta: 11885.714285714286
CPU5_current_freq_delta: 0.0
CPU6_current_freq_delta: 0.0
