Time_delta: 373.43141530199864
Power_voltage_mV_delta: 2.0
Power_current_mA_delta: 25.333333333333332
Power_avg_power_mW_delta: 1528.0972222222226
Memory_used_KB_delta: 0.0
Memory_total_KB_delta: 0.0
Memory_free_KB_delta: 14138.333333333334
Memory_cached_KB_delta: 0.0
Memory_shared_KB_delta: 89.0
GPU_load_delta: 10.565277777777778
GPU_curr_freq_delta: 0.0
CPU1_current_freq_delta: 0.0
CPU2_current_freq_delta: 0.0
CPU3_current_freq_delta: 0.0
CPU4_current_freq_delta: 0.0
CPU5_current_freq_delta: 330666.6666666667
CPU6_current_freq_delta: 259200.0
