Time_delta: 590.6648166729992
Power_voltage_mV_delta: 0.8421052631578947
Power_current_mA_delta: 59.78947368421053
Power_avg_power_mW_delta: 1281.140350877193
Memory_used_KB_delta: 182.10526315789474
Memory_total_KB_delta: 0.0
Memory_free_KB_delta: 23954.947368421053
Memory_cached_KB_delta: 0.0
Memory_shared_KB_delta: 0.0
GPU_load_delta: 0.039473684210526314
GPU_curr_freq_delta: 12078.947368421053
CPU1_current_freq_delta: 0.0
CPU2_current_freq_delta: 0.0
CPU3_current_freq_delta: 0.0
CPU4_current_freq_delta: 0.0
CPU5_current_freq_delta: 202105.26315789475
CPU6_current_freq_delta: 0.0
