Time_delta: 590.6696948130011
Power_voltage_mV_delta: 0.8421052631578947
Power_current_mA_delta: 125.05263157894737
Power_avg_power_mW_delta: 1398.201754385965
Memory_used_KB_delta: 0.0
Memory_total_KB_delta: 0.0
Memory_free_KB_delta: 16282.315789473685
Memory_cached_KB_delta: 191.1578947368421
Memory_shared_KB_delta: 0.0
GPU_load_delta: 0.057894736842105714
GPU_curr_freq_delta: 0.0
CPU1_current_freq_delta: 0.0
CPU2_current_freq_delta: 0.0
CPU3_current_freq_delta: 0.0
CPU4_current_freq_delta: 0.0
CPU5_current_freq_delta: 557810.5263157894
CPU6_current_freq_delta: 545010.5263157894
