Time_delta: 342.3755948380003
Power_voltage_mV_delta: 1.4545454545454546
Power_current_mA_delta: 122.18181818181819
Power_avg_power_mW_delta: 1794.0303030303032
Memory_used_KB_delta: 872.3636363636364
Memory_total_KB_delta: 0.0
Memory_free_KB_delta: 5589.090909090909
Memory_cached_KB_delta: 1986.5454545454545
Memory_shared_KB_delta: 0.0
GPU_load_delta: 55.93030303030302
GPU_curr_freq_delta: 11590.90909090909
CPU1_current_freq_delta: 626036.3636363636
CPU2_current_freq_delta: 627200.0
CPU3_current_freq_delta: 627200.0
CPU4_current_freq_delta: 550400.0
CPU5_current_freq_delta: 0.0
CPU6_current_freq_delta: 0.0
