Time_delta: 3755.9402090860003
Power_voltage_mV_delta: 0.0
Power_current_mA_delta: 48.99173553719008
Power_avg_power_mW_delta: 394.86225895316807
Memory_used_KB_delta: 0.0
Memory_total_KB_delta: 0.0
Memory_free_KB_delta: 120103.33884297521
Memory_cached_KB_delta: 0.0
Memory_shared_KB_delta: 0.0
GPU_load_delta: 34.1202479338843
GPU_curr_freq_delta: 195570.2479338843
CPU1_current_freq_delta: 0.0
CPU2_current_freq_delta: 0.0
CPU3_current_freq_delta: 0.0
CPU4_current_freq_delta: 0.0
CPU5_current_freq_delta: 508085.9504132231
CPU6_current_freq_delta: 503948.7603305785
