Time_delta: 2297.5436037630006
Power_voltage_mV_delta: 0.10810810810810811
Power_current_mA_delta: 67.56756756756756
Power_avg_power_mW_delta: 243.47972972972974
Memory_used_KB_delta: 6106.918918918919
Memory_total_KB_delta: 0.0
Memory_free_KB_delta: 14105.081081081082
Memory_cached_KB_delta: 0.0
Memory_shared_KB_delta: 0.0
GPU_load_delta: 41.48986486486486
GPU_curr_freq_delta: 190216.2162162162
CPU1_current_freq_delta: 0.0
CPU2_current_freq_delta: 0.0
CPU3_current_freq_delta: 0.0
CPU4_current_freq_delta: 0.0
CPU5_current_freq_delta: 0.0
CPU6_current_freq_delta: 0.0
