Time_delta: 342.3681810329999
Power_voltage_mV_delta: 0.0
Power_current_mA_delta: 536.7272727272727
Power_avg_power_mW_delta: 3097.257575757576
Memory_used_KB_delta: 196201.0909090909
Memory_total_KB_delta: 0.0
Memory_free_KB_delta: 0.0
Memory_cached_KB_delta: 176442.9090909091
Memory_shared_KB_delta: 398103.2727272727
GPU_load_delta: 30.87575757575758
GPU_curr_freq_delta: 289772.7272727273
CPU1_current_freq_delta: 780800.0
CPU2_current_freq_delta: 780800.0
CPU3_current_freq_delta: 780581.8181818182
CPU4_current_freq_delta: 751709.0909090909
CPU5_current_freq_delta: 594618.1818181818
CPU6_current_freq_delta: 594618.1818181818
