Time_delta: 342.3973710790001
Power_voltage_mV_delta: 2.1818181818181817
Power_current_mA_delta: 75.63636363636364
Power_avg_power_mW_delta: 1687.3484848484848
Memory_used_KB_delta: 0.0
Memory_total_KB_delta: 0.0
Memory_free_KB_delta: 23151.636363636364
Memory_cached_KB_delta: 323.6363636363636
Memory_shared_KB_delta: 0.0
GPU_load_delta: 6.716666666666666
GPU_curr_freq_delta: 0.0
CPU1_current_freq_delta: 0.0
CPU2_current_freq_delta: 0.0
CPU3_current_freq_delta: 0.0
CPU4_current_freq_delta: 0.0
CPU5_current_freq_delta: 354909.0909090909
CPU6_current_freq_delta: 354909.0909090909
