Time_delta: 373.58887352199963
Power_voltage_mV_delta: 1.3333333333333333
Power_current_mA_delta: 124.66666666666667
Power_avg_power_mW_delta: 1666.4027777777776
Memory_used_KB_delta: 0.0
Memory_total_KB_delta: 0.0
Memory_free_KB_delta: 33967.333333333336
Memory_cached_KB_delta: 0.0
Memory_shared_KB_delta: 0.0
GPU_load_delta: 31.418055555555558
GPU_curr_freq_delta: 11687.5
CPU1_current_freq_delta: 0.0
CPU2_current_freq_delta: 0.0
CPU3_current_freq_delta: 0.0
CPU4_current_freq_delta: 0.0
CPU5_current_freq_delta: 0.0
CPU6_current_freq_delta: 0.0
