Time_delta: 373.4833401670003
Power_voltage_mV_delta: 1.3333333333333333
Power_current_mA_delta: 38.0
Power_avg_power_mW_delta: 1314.0416666666667
Memory_used_KB_delta: 111.66666666666667
Memory_total_KB_delta: 0.0
Memory_free_KB_delta: 18893.333333333332
Memory_cached_KB_delta: 953.6666666666666
Memory_shared_KB_delta: 0.0
GPU_load_delta: 0.0
GPU_curr_freq_delta: 11687.5
CPU1_current_freq_delta: 0.0
CPU2_current_freq_delta: 0.0
CPU3_current_freq_delta: 0.0
CPU4_current_freq_delta: 0.0
CPU5_current_freq_delta: 435200.0
CPU6_current_freq_delta: 435200.0
