Time_delta: 404.9760742010003
Power_voltage_mV_delta: 1.8461538461538463
Power_current_mA_delta: 12.307692307692308
Power_avg_power_mW_delta: 830.6153846153846
Memory_used_KB_delta: 0.0
Memory_total_KB_delta: 0.0
Memory_free_KB_delta: 12168.615384615385
Memory_cached_KB_delta: 4800.0
Memory_shared_KB_delta: 0.0
GPU_load_delta: 0.6820512820512837
GPU_curr_freq_delta: 0.0
CPU1_current_freq_delta: 0.0
CPU2_current_freq_delta: 0.0
CPU3_current_freq_delta: 12892.307692307691
CPU4_current_freq_delta: 0.0
CPU5_current_freq_delta: 89600.0
CPU6_current_freq_delta: 112246.15384615384
