Time_delta: 373.4148101660012
Power_voltage_mV_delta: 2.0
Power_current_mA_delta: 52.666666666666664
Power_avg_power_mW_delta: 1520.1805555555557
Memory_used_KB_delta: 0.0
Memory_total_KB_delta: 0.0
Memory_free_KB_delta: 12525.666666666666
Memory_cached_KB_delta: 0.0
Memory_shared_KB_delta: 0.0
GPU_load_delta: 1.3875000000000064
GPU_curr_freq_delta: 11687.5
CPU1_current_freq_delta: 0.0
CPU2_current_freq_delta: 0.0
CPU3_current_freq_delta: 9966.666666666666
CPU4_current_freq_delta: 0.0
CPU5_current_freq_delta: 0.0
CPU6_current_freq_delta: 0.0
