Time_delta: 435.9842192469987
Power_voltage_mV_delta: 2.2857142857142856
Power_current_mA_delta: 1.7142857142857142
Power_avg_power_mW_delta: 1230.2857142857142
Memory_used_KB_delta: 154.85714285714286
Memory_total_KB_delta: 0.0
Memory_free_KB_delta: 15403.42857142857
Memory_cached_KB_delta: 0.0
Memory_shared_KB_delta: 0.0
GPU_load_delta: 14.816666666666665
GPU_curr_freq_delta: 11839.285714285714
CPU1_current_freq_delta: 0.0
CPU2_current_freq_delta: 0.0
CPU3_current_freq_delta: 0.0
CPU4_current_freq_delta: 0.0
CPU5_current_freq_delta: 0.0
CPU6_current_freq_delta: 0.0
