Time_delta: 373.44999618899965
Power_voltage_mV_delta: 2.0
Power_current_mA_delta: 48.0
Power_avg_power_mW_delta: 1425.4027777777776
Memory_used_KB_delta: 425.6666666666667
Memory_total_KB_delta: 0.0
Memory_free_KB_delta: 15346.333333333334
Memory_cached_KB_delta: 0.0
Memory_shared_KB_delta: 0.0
GPU_load_delta: 6.183333333333333
GPU_curr_freq_delta: 0.0
CPU1_current_freq_delta: 435200.0
CPU2_current_freq_delta: 428800.0
CPU3_current_freq_delta: 474666.6666666667
CPU4_current_freq_delta: 421233.3333333333
CPU5_current_freq_delta: 0.0
CPU6_current_freq_delta: 0.0
