Time_delta: 94.41717781600073
Power_voltage_mV_delta: 0.0
Power_current_mA_delta: 373.3333333333333
Power_avg_power_mW_delta: 2856.2777777777774
Memory_used_KB_delta: 227470.66666666666
Memory_total_KB_delta: 0.0
Memory_free_KB_delta: 0.0
Memory_cached_KB_delta: 0.0
Memory_shared_KB_delta: 388458.6666666667
GPU_load_delta: 41.06666666666667
GPU_curr_freq_delta: 144500.0
CPU1_current_freq_delta: 0.0
CPU2_current_freq_delta: 780800.0
CPU3_current_freq_delta: 780800.0
CPU4_current_freq_delta: 780800.0
CPU5_current_freq_delta: 780800.0
CPU6_current_freq_delta: 780800.0
