Time_delta: 342.8907809350003
Power_voltage_mV_delta: 1.4545454545454546
Power_current_mA_delta: 66.18181818181819
Power_avg_power_mW_delta: 1588.4545454545457
Memory_used_KB_delta: 3170.5454545454545
Memory_total_KB_delta: 0.0
Memory_free_KB_delta: 11872.727272727272
Memory_cached_KB_delta: 0.0
Memory_shared_KB_delta: 0.0
GPU_load_delta: 46.10454545454546
GPU_curr_freq_delta: 11590.90909090909
CPU1_current_freq_delta: 0.0
CPU2_current_freq_delta: 0.0
CPU3_current_freq_delta: 0.0
CPU4_current_freq_delta: 0.0
CPU5_current_freq_delta: 0.0
CPU6_current_freq_delta: 0.0
