Time_delta: 1430.5266183870008
Power_voltage_mV_delta: 0.0
Power_current_mA_delta: 518.4347826086956
Power_avg_power_mW_delta: 3094.7355072463765
Memory_used_KB_delta: 250815.47826086957
Memory_total_KB_delta: 0.0
Memory_free_KB_delta: 623.2173913043479
Memory_cached_KB_delta: 0.0
Memory_shared_KB_delta: 370607.47826086957
GPU_load_delta: 65.67065217391306
GPU_curr_freq_delta: 212038.04347826086
CPU1_current_freq_delta: 581008.695652174
CPU2_current_freq_delta: 569043.4782608695
CPU3_current_freq_delta: 485286.95652173914
CPU4_current_freq_delta: 485286.95652173914
CPU5_current_freq_delta: 591860.8695652174
CPU6_current_freq_delta: 587965.2173913043
