Time_delta: 1335.3586550260002
Power_voltage_mV_delta: 0.18604651162790697
Power_current_mA_delta: 7.441860465116279
Power_avg_power_mW_delta: 510.25581395348837
Memory_used_KB_delta: 31969.39534883721
Memory_total_KB_delta: 0.0
Memory_free_KB_delta: 2512.8372093023254
Memory_cached_KB_delta: 0.0
Memory_shared_KB_delta: 0.0
GPU_load_delta: 0.08914728682170532
GPU_curr_freq_delta: 84802.32558139534
CPU1_current_freq_delta: 0.0
CPU2_current_freq_delta: 0.0
CPU3_current_freq_delta: 2851.1627906976746
CPU4_current_freq_delta: 0.0
CPU5_current_freq_delta: 326846.511627907
CPU6_current_freq_delta: 324762.79069767444
