Time_delta: 2827.213579807001
Power_voltage_mV_delta: 0.08791208791208792
Power_current_mA_delta: 12.131868131868131
Power_avg_power_mW_delta: 320.79487179487177
Memory_used_KB_delta: 14890.505494505494
Memory_total_KB_delta: 0.0
Memory_free_KB_delta: 3183.736263736264
Memory_cached_KB_delta: 2.3736263736263736
Memory_shared_KB_delta: 0.0
GPU_load_delta: 0.0
GPU_curr_freq_delta: 145714.2857142857
CPU1_current_freq_delta: 0.0
CPU2_current_freq_delta: 0.0
CPU3_current_freq_delta: 0.0
CPU4_current_freq_delta: 0.0
CPU5_current_freq_delta: 0.0
CPU6_current_freq_delta: 0.0
