Time_delta: 1894.0067863500008
Power_voltage_mV_delta: 0.13114754098360656
Power_current_mA_delta: 1.4426229508196722
Power_avg_power_mW_delta: 297.18306010928956
Memory_used_KB_delta: 18082.622950819674
Memory_total_KB_delta: 0.0
Memory_free_KB_delta: 37.77049180327869
Memory_cached_KB_delta: 0.0
Memory_shared_KB_delta: 0.0
GPU_load_delta: 0.0
GPU_curr_freq_delta: 157598.3606557377
CPU1_current_freq_delta: 0.0
CPU2_current_freq_delta: 0.0
CPU3_current_freq_delta: 0.0
CPU4_current_freq_delta: 1960.655737704918
CPU5_current_freq_delta: 0.0
CPU6_current_freq_delta: 0.0
