Time_delta: 2204.2597630190003
Power_voltage_mV_delta: 0.11267605633802817
Power_current_mA_delta: 1.2394366197183098
Power_avg_power_mW_delta: 437.5140845070423
Memory_used_KB_delta: 25791.49295774648
Memory_total_KB_delta: 0.0
Memory_free_KB_delta: 65065.80281690141
Memory_cached_KB_delta: 0.0
Memory_shared_KB_delta: 43.267605633802816
GPU_load_delta: 0.0
GPU_curr_freq_delta: 0.0
CPU1_current_freq_delta: 0.0
CPU2_current_freq_delta: 0.0
CPU3_current_freq_delta: 0.0
CPU4_current_freq_delta: 0.0
CPU5_current_freq_delta: 281960.5633802817
CPU6_current_freq_delta: 281304.22535211267
