Time_delta: 188.15857273300026
Power_voltage_mV_delta: 1.3333333333333333
Power_current_mA_delta: 53.333333333333336
Power_avg_power_mW_delta: 129.25000000000014
Memory_used_KB_delta: 0.0
Memory_total_KB_delta: 0.0
Memory_free_KB_delta: 41591.333333333336
Memory_cached_KB_delta: 0.0
Memory_shared_KB_delta: 0.0
GPU_load_delta: 20.747222222222224
GPU_curr_freq_delta: 187000.0
CPU1_current_freq_delta: 0.0
CPU2_current_freq_delta: 0.0
CPU3_current_freq_delta: 0.0
CPU4_current_freq_delta: 0.0
CPU5_current_freq_delta: 0.0
CPU6_current_freq_delta: 0.0
