Time_delta: 125.12867727799994
Power_voltage_mV_delta: 0.0
Power_current_mA_delta: 154.0
Power_avg_power_mW_delta: 715.0416666666667
Memory_used_KB_delta: 853328.0
Memory_total_KB_delta: 0.0
Memory_free_KB_delta: 0.0
Memory_cached_KB_delta: 0.0
Memory_shared_KB_delta: 423722.0
GPU_load_delta: 43.49583333333334
GPU_curr_freq_delta: 153000.0
CPU1_current_freq_delta: 780800.0
CPU2_current_freq_delta: 780800.0
CPU3_current_freq_delta: 667450.0
CPU4_current_freq_delta: 476500.0
CPU5_current_freq_delta: 780800.0
CPU6_current_freq_delta: 585600.0
