Time_delta: 590.6896052929987
Power_voltage_mV_delta: 0.42105263157894735
Power_current_mA_delta: 54.73684210526316
Power_avg_power_mW_delta: 706.1315789473684
Memory_used_KB_delta: 3001.684210526316
Memory_total_KB_delta: 0.0
Memory_free_KB_delta: 7534.526315789473
Memory_cached_KB_delta: 3398.315789473684
Memory_shared_KB_delta: 0.0
GPU_load_delta: 0.0
GPU_curr_freq_delta: 0.0
CPU1_current_freq_delta: 0.0
CPU2_current_freq_delta: 0.0
CPU3_current_freq_delta: 0.0
CPU4_current_freq_delta: 0.0
CPU5_current_freq_delta: 0.0
CPU6_current_freq_delta: 0.0
