Time_delta: 342.35271168299914
Power_voltage_mV_delta: 2.1818181818181817
Power_current_mA_delta: 47.27272727272727
Power_avg_power_mW_delta: 1203.469696969697
Memory_used_KB_delta: 0.0
Memory_total_KB_delta: 0.0
Memory_free_KB_delta: 18277.454545454544
Memory_cached_KB_delta: 0.0
Memory_shared_KB_delta: 0.0
GPU_load_delta: 9.172727272727268
GPU_curr_freq_delta: 0.0
CPU1_current_freq_delta: 0.0
CPU2_current_freq_delta: 0.0
CPU3_current_freq_delta: 0.0
CPU4_current_freq_delta: 0.0
CPU5_current_freq_delta: 141963.63636363635
CPU6_current_freq_delta: 141963.63636363635
