Time_delta: 342.3519897899996
Power_voltage_mV_delta: 1.4545454545454546
Power_current_mA_delta: 110.54545454545455
Power_avg_power_mW_delta: 1754.712121212121
Memory_used_KB_delta: 4740.363636363636
Memory_total_KB_delta: 0.0
Memory_free_KB_delta: 13445.818181818182
Memory_cached_KB_delta: 15.636363636363637
Memory_shared_KB_delta: 0.0
GPU_load_delta: 0.0
GPU_curr_freq_delta: 11590.90909090909
CPU1_current_freq_delta: 0.0
CPU2_current_freq_delta: 0.0
CPU3_current_freq_delta: 0.0
CPU4_current_freq_delta: 0.0
CPU5_current_freq_delta: 361890.9090909091
CPU6_current_freq_delta: 361890.9090909091
