Time_delta: 373.51016186800007
Power_voltage_mV_delta: 1.3333333333333333
Power_current_mA_delta: 128.66666666666666
Power_avg_power_mW_delta: 1738.9722222222224
Memory_used_KB_delta: 0.0
Memory_total_KB_delta: 0.0
Memory_free_KB_delta: 13731.333333333334
Memory_cached_KB_delta: 0.0
Memory_shared_KB_delta: 702.6666666666666
GPU_load_delta: 8.448611111111111
GPU_curr_freq_delta: 11687.5
CPU1_current_freq_delta: 0.0
CPU2_current_freq_delta: 0.0
CPU3_current_freq_delta: 0.0
CPU4_current_freq_delta: 0.0
CPU5_current_freq_delta: 570666.6666666666
CPU6_current_freq_delta: 545066.6666666666
