Time_delta: 404.44947269299973
Power_voltage_mV_delta: 1.8461538461538463
Power_current_mA_delta: 82.46153846153847
Power_avg_power_mW_delta: 1606.666666666667
Memory_used_KB_delta: 0.0
Memory_total_KB_delta: 0.0
Memory_free_KB_delta: 27594.153846153848
Memory_cached_KB_delta: 0.0
Memory_shared_KB_delta: 2680.923076923077
GPU_load_delta: 6.796153846153851
GPU_curr_freq_delta: 11769.23076923077
CPU1_current_freq_delta: 0.0
CPU2_current_freq_delta: 0.0
CPU3_current_freq_delta: 0.0
CPU4_current_freq_delta: 0.0
CPU5_current_freq_delta: 0.0
CPU6_current_freq_delta: 0.0
