Time_delta: 404.3698657870009
Power_voltage_mV_delta: 1.2307692307692308
Power_current_mA_delta: 58.46153846153846
Power_avg_power_mW_delta: 1559.5128205128203
Memory_used_KB_delta: 0.0
Memory_total_KB_delta: 0.0
Memory_free_KB_delta: 21112.30769230769
Memory_cached_KB_delta: 0.0
Memory_shared_KB_delta: 0.0
GPU_load_delta: 48.64102564102564
GPU_curr_freq_delta: 11769.23076923077
CPU1_current_freq_delta: 0.0
CPU2_current_freq_delta: 0.0
CPU3_current_freq_delta: 0.0
CPU4_current_freq_delta: 0.0
CPU5_current_freq_delta: 0.0
CPU6_current_freq_delta: 0.0
