Time_delta: 342.39034080700003
Power_voltage_mV_delta: 2.1818181818181817
Power_current_mA_delta: 83.63636363636364
Power_avg_power_mW_delta: 1838.4242424242425
Memory_used_KB_delta: 22.545454545454547
Memory_total_KB_delta: 0.0
Memory_free_KB_delta: 16541.090909090908
Memory_cached_KB_delta: 0.0
Memory_shared_KB_delta: 0.0
GPU_load_delta: 6.642424242424244
GPU_curr_freq_delta: 11590.90909090909
CPU1_current_freq_delta: 518981.8181818182
CPU2_current_freq_delta: 454981.8181818182
CPU3_current_freq_delta: 0.0
CPU4_current_freq_delta: 0.0
CPU5_current_freq_delta: 0.0
CPU6_current_freq_delta: 0.0
