Time_delta: 404.50521572100115
Power_voltage_mV_delta: 1.8461538461538463
Power_current_mA_delta: 16.615384615384617
Power_avg_power_mW_delta: 1298.4102564102566
Memory_used_KB_delta: 0.0
Memory_total_KB_delta: 0.0
Memory_free_KB_delta: 42861.230769230766
Memory_cached_KB_delta: 0.0
Memory_shared_KB_delta: 0.0
GPU_load_delta: 21.74358974358974
GPU_curr_freq_delta: 11769.23076923077
CPU1_current_freq_delta: 0.0
CPU2_current_freq_delta: 0.0
CPU3_current_freq_delta: 9430.76923076923
CPU4_current_freq_delta: 0.0
CPU5_current_freq_delta: 0.0
CPU6_current_freq_delta: 0.0
