Time_delta: 559.7947794049978
Power_voltage_mV_delta: 0.4444444444444444
Power_current_mA_delta: 201.33333333333334
Power_avg_power_mW_delta: 1408.3796296296298
Memory_used_KB_delta: 0.0
Memory_total_KB_delta: 0.0
Memory_free_KB_delta: 37461.333333333336
Memory_cached_KB_delta: 0.0
Memory_shared_KB_delta: 0.0
GPU_load_delta: 55.7712962962963
GPU_curr_freq_delta: 204708.33333333334
CPU1_current_freq_delta: 0.0
CPU2_current_freq_delta: 0.0
CPU3_current_freq_delta: 0.0
CPU4_current_freq_delta: 0.0
CPU5_current_freq_delta: 0.0
CPU6_current_freq_delta: 0.0
