Time_delta: 342.3390771739996
Power_voltage_mV_delta: 1.4545454545454546
Power_current_mA_delta: 38.54545454545455
Power_avg_power_mW_delta: 1471.3333333333335
Memory_used_KB_delta: 0.0
Memory_total_KB_delta: 0.0
Memory_free_KB_delta: 34737.818181818184
Memory_cached_KB_delta: 3348.7272727272725
Memory_shared_KB_delta: 0.0
GPU_load_delta: 0.0
GPU_curr_freq_delta: 0.0
CPU1_current_freq_delta: 0.0
CPU2_current_freq_delta: 0.0
CPU3_current_freq_delta: 0.0
CPU4_current_freq_delta: 0.0
CPU5_current_freq_delta: 0.0
CPU6_current_freq_delta: 0.0
