Time_delta: 467.3726098779998
Power_voltage_mV_delta: 1.6
Power_current_mA_delta: 12.266666666666667
Power_avg_power_mW_delta: 1225.4888888888888
Memory_used_KB_delta: 573.6
Memory_total_KB_delta: 0.0
Memory_free_KB_delta: 12285.333333333334
Memory_cached_KB_delta: 3336.5333333333333
Memory_shared_KB_delta: 0.0
GPU_load_delta: 0.20888888888888932
GPU_curr_freq_delta: 0.0
CPU1_current_freq_delta: 0.0
CPU2_current_freq_delta: 240.0
CPU3_current_freq_delta: 0.0
CPU4_current_freq_delta: 0.0
CPU5_current_freq_delta: 0.0
CPU6_current_freq_delta: 0.0
