Time_delta: 467.50210817100015
Power_voltage_mV_delta: 1.6
Power_current_mA_delta: 3.7333333333333334
Power_avg_power_mW_delta: 929.7444444444445
Memory_used_KB_delta: 120.26666666666667
Memory_total_KB_delta: 0.0
Memory_free_KB_delta: 9745.066666666668
Memory_cached_KB_delta: 0.0
Memory_shared_KB_delta: 0.0
GPU_load_delta: 0.013333333333333523
GPU_curr_freq_delta: 11900.0
CPU1_current_freq_delta: 0.0
CPU2_current_freq_delta: 0.0
CPU3_current_freq_delta: 0.0
CPU4_current_freq_delta: 0.0
CPU5_current_freq_delta: 447146.6666666667
CPU6_current_freq_delta: 452266.6666666667
