Time_delta: 1832.9407138680017
Power_voltage_mV_delta: 0.13559322033898305
Power_current_mA_delta: 142.5084745762712
Power_avg_power_mW_delta: 1371.0395480225993
Memory_used_KB_delta: 5947.050847457627
Memory_total_KB_delta: 0.0
Memory_free_KB_delta: 20693.01694915254
Memory_cached_KB_delta: 0.0
Memory_shared_KB_delta: 0.0
GPU_load_delta: 21.354519774011298
GPU_curr_freq_delta: 12533.898305084746
CPU1_current_freq_delta: 0.0
CPU2_current_freq_delta: 0.0
CPU3_current_freq_delta: 0.0
CPU4_current_freq_delta: 0.0
CPU5_current_freq_delta: 0.0
CPU6_current_freq_delta: 0.0
