Time_delta: 435.47996813400096
Power_voltage_mV_delta: 1.7142857142857142
Power_current_mA_delta: 16.571428571428573
Power_avg_power_mW_delta: 1300.7380952380954
Memory_used_KB_delta: 0.0
Memory_total_KB_delta: 0.0
Memory_free_KB_delta: 28106.571428571428
Memory_cached_KB_delta: 0.0
Memory_shared_KB_delta: 0.0
GPU_load_delta: 0.8142857142857137
GPU_curr_freq_delta: 106553.57142857143
CPU1_current_freq_delta: 0.0
CPU2_current_freq_delta: 0.0
CPU3_current_freq_delta: 0.0
CPU4_current_freq_delta: 0.0
CPU5_current_freq_delta: 0.0
CPU6_current_freq_delta: 0.0
