Time_delta: 373.3842445699993
Power_voltage_mV_delta: 2.0
Power_current_mA_delta: 53.333333333333336
Power_avg_power_mW_delta: 1497.3888888888887
Memory_used_KB_delta: 0.0
Memory_total_KB_delta: 0.0
Memory_free_KB_delta: 24277.0
Memory_cached_KB_delta: 1389.6666666666667
Memory_shared_KB_delta: 0.0
GPU_load_delta: 6.452777777777778
GPU_curr_freq_delta: 0.0
CPU1_current_freq_delta: 0.0
CPU2_current_freq_delta: 0.0
CPU3_current_freq_delta: 0.0
CPU4_current_freq_delta: 0.0
CPU5_current_freq_delta: 97066.66666666667
CPU6_current_freq_delta: 52266.666666666664
