Time_delta: 404.6575441289988
Power_voltage_mV_delta: 1.8461538461538463
Power_current_mA_delta: 84.92307692307692
Power_avg_power_mW_delta: 1577.294871794872
Memory_used_KB_delta: 0.0
Memory_total_KB_delta: 0.0
Memory_free_KB_delta: 22016.30769230769
Memory_cached_KB_delta: 0.0
Memory_shared_KB_delta: 0.0
GPU_load_delta: 0.0
GPU_curr_freq_delta: 11769.23076923077
CPU1_current_freq_delta: 0.0
CPU2_current_freq_delta: 0.0
CPU3_current_freq_delta: 0.0
CPU4_current_freq_delta: 0.0
CPU5_current_freq_delta: 604553.8461538461
CPU6_current_freq_delta: 604553.8461538461
