Time_delta: 560.0220410260008
Power_voltage_mV_delta: 0.4444444444444444
Power_current_mA_delta: 92.44444444444444
Power_avg_power_mW_delta: 1245.5740740740741
Memory_used_KB_delta: 0.0
Memory_total_KB_delta: 0.0
Memory_free_KB_delta: 47892.88888888889
Memory_cached_KB_delta: 115.55555555555556
Memory_shared_KB_delta: 0.0
GPU_load_delta: 57.412962962962965
GPU_curr_freq_delta: 114750.0
CPU1_current_freq_delta: 0.0
CPU2_current_freq_delta: 0.0
CPU3_current_freq_delta: 0.0
CPU4_current_freq_delta: 0.0
CPU5_current_freq_delta: 507022.22222222225
CPU6_current_freq_delta: 502755.55555555556
