Time_delta: 342.79714408300003
Power_voltage_mV_delta: 2.1818181818181817
Power_current_mA_delta: 77.81818181818181
Power_avg_power_mW_delta: 1766.4545454545455
Memory_used_KB_delta: 0.0
Memory_total_KB_delta: 0.0
Memory_free_KB_delta: 18807.636363636364
Memory_cached_KB_delta: 11657.454545454546
Memory_shared_KB_delta: 0.0
GPU_load_delta: 0.21515151515151196
GPU_curr_freq_delta: 0.0
CPU1_current_freq_delta: 0.0
CPU2_current_freq_delta: 0.0
CPU3_current_freq_delta: 0.0
CPU4_current_freq_delta: 0.0
CPU5_current_freq_delta: 212945.45454545456
CPU6_current_freq_delta: 283927.2727272727
