Time_delta: 342.3675605919998
Power_voltage_mV_delta: 2.1818181818181817
Power_current_mA_delta: 96.0
Power_avg_power_mW_delta: 1719.2272727272723
Memory_used_KB_delta: 7734.181818181818
Memory_total_KB_delta: 0.0
Memory_free_KB_delta: 24372.0
Memory_cached_KB_delta: 0.0
Memory_shared_KB_delta: 0.0
GPU_load_delta: 28.851515151515148
GPU_curr_freq_delta: 11590.90909090909
CPU1_current_freq_delta: 0.0
CPU2_current_freq_delta: 0.0
CPU3_current_freq_delta: 0.0
CPU4_current_freq_delta: 0.0
CPU5_current_freq_delta: 400290.9090909091
CPU6_current_freq_delta: 350254.54545454547
