Time_delta: 405.533574355999
Power_voltage_mV_delta: 1.8461538461538463
Power_current_mA_delta: 19.692307692307693
Power_avg_power_mW_delta: 1387.6282051282049
Memory_used_KB_delta: 51.69230769230769
Memory_total_KB_delta: 0.0
Memory_free_KB_delta: 40379.38461538462
Memory_cached_KB_delta: 0.0
Memory_shared_KB_delta: 0.0
GPU_load_delta: 27.412820512820513
GPU_curr_freq_delta: 0.0
CPU1_current_freq_delta: 0.0
CPU2_current_freq_delta: 0.0
CPU3_current_freq_delta: 0.0
CPU4_current_freq_delta: 0.0
CPU5_current_freq_delta: 0.0
CPU6_current_freq_delta: 0.0
