Time_delta: 373.6908012590002
Power_voltage_mV_delta: 1.3333333333333333
Power_current_mA_delta: 66.0
Power_avg_power_mW_delta: 1477.375
Memory_used_KB_delta: 4259.0
Memory_total_KB_delta: 0.0
Memory_free_KB_delta: 1092.6666666666667
Memory_cached_KB_delta: 4111.0
Memory_shared_KB_delta: 0.0
GPU_load_delta: 10.669444444444444
GPU_curr_freq_delta: 11687.5
CPU1_current_freq_delta: 0.0
CPU2_current_freq_delta: 0.0
CPU3_current_freq_delta: 0.0
CPU4_current_freq_delta: 0.0
CPU5_current_freq_delta: 539733.3333333334
CPU6_current_freq_delta: 538666.6666666666
