Time_delta: 342.36401307899996
Power_voltage_mV_delta: 1.4545454545454546
Power_current_mA_delta: 131.63636363636363
Power_avg_power_mW_delta: 1837.9393939393942
Memory_used_KB_delta: 0.0
Memory_total_KB_delta: 0.0
Memory_free_KB_delta: 33180.36363636364
Memory_cached_KB_delta: 3424.0
Memory_shared_KB_delta: 0.0
GPU_load_delta: 0.0
GPU_curr_freq_delta: 104318.18181818182
CPU1_current_freq_delta: 0.0
CPU2_current_freq_delta: 0.0
CPU3_current_freq_delta: 0.0
CPU4_current_freq_delta: 0.0
CPU5_current_freq_delta: 0.0
CPU6_current_freq_delta: 0.0
