Time_delta: 528.7054778040001
Power_voltage_mV_delta: 1.411764705882353
Power_current_mA_delta: 77.17647058823529
Power_avg_power_mW_delta: 1360.8235294117644
Memory_used_KB_delta: 0.0
Memory_total_KB_delta: 0.0
Memory_free_KB_delta: 38867.76470588235
Memory_cached_KB_delta: 0.0
Memory_shared_KB_delta: 0.0
GPU_load_delta: 59.95882352941176
GPU_curr_freq_delta: 108000.0
CPU1_current_freq_delta: 0.0
CPU2_current_freq_delta: 0.0
CPU3_current_freq_delta: 0.0
CPU4_current_freq_delta: 0.0
CPU5_current_freq_delta: 0.0
CPU6_current_freq_delta: 0.0
